Metodos: ['DLS', 'DLS_WLS', 'GradDesc', 'PSO-P', 'FRPSO', 'FABRIK']
tc: [71.39999999999999, 51.300000000000004, 32.6, 55.2, 89.1, 33.300000000000004]
mi: [ 78.77 172.37 515.88  63.2  212.98  29.77]
Kmax: 1000