Metodos: ['DLS', 'DLS_WLS', 'GradDesc', 'PSO-P', 'FRPSO', 'FABRIK']
tc: [93.4, 88.0, 84.39999999999999, 79.60000000000001, 12.1, 30.7]
mi: [ 37.42  52.51 276.25  55.6  603.98   9.15]
Kmax: 1000